#Res        AtomicFlx
   1.000      25.9797
   2.000      22.9467
   3.000      22.1875
   4.000      21.3338
   5.000      19.6410
   6.000      24.3680
   7.000      22.4036
   8.000      19.4275
   9.000      23.0069
  10.000      22.5437
  11.000      16.9796
  12.000      18.9496
  13.000      23.2068
  14.000      19.9556
  15.000      16.2498
  16.000      14.8548
  17.000      16.6666
  18.000      14.0475
  19.000      14.0551
  20.000      16.7959
  21.000      15.7546
  22.000      16.6082
  23.000      16.9230
  24.000      18.1919
  25.000      20.9559
  26.000      20.3502
  27.000      19.0683
  28.000      20.5042
  29.000      16.7205
  30.000      18.7797
  31.000      16.5840
  32.000      16.4940
  33.000      21.0888
  34.000      20.1585
  35.000      21.4776
  36.000      21.2396
  37.000      16.3300
  38.000      17.5656
  39.000      19.3305
  40.000      18.0363
  41.000      14.5083
  42.000      18.3645
  43.000      18.8122
  44.000      15.0987
  45.000      15.4591
  46.000      18.8752
  47.000      17.3434
  48.000      15.4373
  49.000      18.5980
  50.000      20.8896
  51.000      17.6405
  52.000      21.6773
  53.000      20.0211
  54.000      21.3961
  55.000      21.3623
  56.000      20.9037
  57.000      16.6386
  58.000      18.7349
  59.000      20.5913
  60.000      18.5605
  61.000      21.7403
  62.000      17.2556
  63.000      20.7991
  64.000      23.5248
  65.000      21.0255
  66.000      17.6338
  67.000      20.3406
  68.000      21.7528
  69.000      17.1660
  70.000      15.4140
  71.000      18.8692
  72.000      19.2979
  73.000      15.4245
  74.000      17.0044
  75.000      21.3728
  76.000      19.2811
  77.000      15.6448
  78.000      19.4993
  79.000      21.4796
  80.000      19.2532
  81.000      15.8524
  82.000      22.1908
  83.000      21.7683
  84.000      19.1920
  85.000      16.2123
  86.000      14.8705
  87.000      18.8387
  88.000      14.8587
  89.000      12.5942
  90.000      17.3036
  91.000      17.8569
  92.000      14.4307
  93.000      15.5035
  94.000      18.8087
  95.000      18.0924
  96.000      15.1549
  97.000      19.6864
  98.000      22.5374
  99.000      21.1720
 100.000      16.7511
 101.000      19.1201
 102.000      15.7376
 103.000      20.8794
 104.000      21.5016
 105.000      22.7903
 106.000      19.9674
 107.000      16.1905
 108.000      15.2709
 109.000      17.1870
 110.000      13.0384
 111.000      17.5883
 112.000      18.2033
 113.000      13.6014
 114.000      14.4464
 115.000      18.7577
 116.000      15.8885
 117.000      12.6238
 118.000      16.9427
 119.000      18.7095
 120.000      15.8793
 121.000      13.6006
 122.000      14.8076
 123.000      11.0306
 124.000      14.6839
 125.000      11.1018
 126.000      13.2401
 127.000      12.6982
 128.000      10.5164
 129.000      12.2123
 130.000       9.9318
 131.000       9.8455
 132.000      10.1978
 133.000      12.3583
 134.000      11.1961
 135.000      15.8835
 136.000      13.2842
 137.000       7.3039
 138.000      10.1746
 139.000      12.8408
 140.000      11.6855
 141.000       9.4105
 142.000      13.9742
 143.000      16.0683
 144.000      13.4816
 145.000      11.6761
 146.000       6.6146
 147.000       9.2598
 148.000       8.0130
 149.000       7.9420
 150.000      12.6036
 151.000      11.0214
 152.000      13.0673
 153.000      12.3613
 154.000      17.0451
 155.000      18.4185
 156.000      19.9240
 157.000      18.4562
 158.000      16.7487
 159.000      17.2226
 160.000      14.5913
 161.000      12.0143
 162.000      12.6607
 163.000      10.9734
 164.000       7.6754
 165.000       8.5106
 166.000       9.5185
 167.000       9.7280
 168.000       5.1968
 169.000       5.3539
 170.000       9.5929
 171.000      10.2638
 172.000       6.4807
 173.000       3.2558
 174.000       8.1049
 175.000       9.2921
 176.000       7.5046
 177.000       7.1541
 178.000      11.5826
 179.000      12.1525
 180.000      15.8686
 181.000      12.8947
 182.000       8.4531
 183.000      10.8577
 184.000      13.9134
 185.000      10.3815
 186.000       9.0380
 187.000      13.2947
 188.000      14.5126
 189.000      11.3278
 190.000      12.7526
 191.000      16.0452
 192.000      16.0525
 193.000      15.0520
 194.000      17.7188
 195.000      20.6681
 196.000      19.4139
 197.000      21.1899
 198.000      20.2561
 199.000      21.9110
 200.000      19.4704
 201.000      15.5948
 202.000      16.8844
 203.000      18.1998
 204.000      13.0228
 205.000      11.7144
 206.000      14.0719
 207.000      13.1131
 208.000       7.2175
 209.000      10.5543
 210.000      13.6334
 211.000      10.3163
 212.000       6.5215
 213.000       6.1448
 214.000      10.5127
 215.000      11.7974
 216.000      15.4170
 217.000      16.3063
 218.000      20.8545
 219.000      20.0316
 220.000      23.8259
 221.000      26.4085
 222.000      23.0199
 223.000      20.5987
 224.000      18.5077
 225.000      14.0343
 226.000      11.0908
 227.000       8.8605
 228.000       6.1922
 229.000       7.9974
 230.000      11.5667
 231.000      10.7454
 232.000       9.4432
 233.000      12.2648
 234.000      17.1523
 235.000      17.2795
 236.000      15.1607
 237.000      15.8495
 238.000      20.5131
 239.000      20.3908
 240.000      17.7785
 241.000      20.4438
 242.000      23.4666
 243.000      27.2766
 244.000      25.7021
 245.000      22.4124
 246.000      23.9633
 247.000      21.9298
 248.000      21.8305
 249.000      21.8323
 250.000      17.5662
 251.000      21.0705
 252.000      17.7597
 253.000      22.4019
 254.000      22.7836
 255.000      17.4772
 256.000      18.2981
 257.000      21.4663
 258.000      19.5222
 259.000      20.0170
 260.000      14.7494
 261.000      16.0219
 262.000      13.4207
 263.000      16.8156
 264.000      18.8710
 265.000      19.1791
 266.000      18.1534
 267.000      20.9405
 268.000      19.3210
 269.000      16.9206
 270.000      17.7178
 271.000      18.5585
 272.000      16.9925
 273.000      20.2296
 274.000      16.6772
 275.000      12.2442
 276.000      15.3057
 277.000      16.7971
 278.000      13.5168
 279.000      12.1047
 280.000      15.9605
 281.000      16.8459
 282.000      12.9543
 283.000      15.2984
 284.000      18.0120
 285.000      16.9879
 286.000      16.0425
 287.000      18.8628
 288.000      20.6592
 289.000      19.9130
 290.000      23.0798
 291.000      22.0554
 292.000      27.0178
 293.000      24.7131
 294.000      23.4626
 295.000      20.8728
 296.000      21.7331
 297.000      19.1017
 298.000      23.3525
 299.000      21.6692
 300.000      26.3687
 301.000      25.5657
 302.000      22.0860
 303.000      24.6185
 304.000      21.1687
 305.000      24.8843
 306.000      25.7669
 307.000      26.5529
