#Res        AtomicFlx
   1.000      22.4624
   2.000      20.6805
   3.000      19.4683
   4.000      19.2686
   5.000      17.8201
   6.000      21.5976
   7.000      20.0405
   8.000      17.0877
   9.000      20.1360
  10.000      19.7998
  11.000      14.8642
  12.000      15.9647
  13.000      19.6373
  14.000      16.5013
  15.000      13.0802
  16.000      15.5658
  17.000      15.0600
  18.000      13.8489
  19.000      13.7118
  20.000      14.4090
  21.000      12.4408
  22.000      15.2295
  23.000      13.9097
  24.000      15.4097
  25.000      18.2884
  26.000      17.9305
  27.000      20.4319
  28.000      18.8305
  29.000      16.1924
  30.000      19.0712
  31.000      17.2280
  32.000      14.3225
  33.000      18.6328
  34.000      18.6268
  35.000      19.8471
  36.000      18.6711
  37.000      14.4657
  38.000      16.7121
  39.000      17.0896
  40.000      14.7036
  41.000      12.3724
  42.000      16.6492
  43.000      15.7434
  44.000      12.3609
  45.000      13.7351
  46.000      16.5913
  47.000      14.5334
  48.000      13.4620
  49.000      17.4846
  50.000      17.9836
  51.000      15.0453
  52.000      18.9554
  53.000      17.1462
  54.000      18.1131
  55.000      18.1979
  56.000      17.3922
  57.000      13.8868
  58.000      14.5490
  59.000      15.5957
  60.000      13.8847
  61.000      15.9243
  62.000      12.7967
  63.000      16.1909
  64.000      17.9543
  65.000      16.8967
  66.000      13.8000
  67.000      15.3854
  68.000      17.3800
  69.000      13.8820
  70.000      12.0618
  71.000      15.1436
  72.000      15.9967
  73.000      12.8721
  74.000      14.1108
  75.000      17.9716
  76.000      16.7956
  77.000      13.8222
  78.000      17.0623
  79.000      19.1837
  80.000      17.4127
  81.000      14.3945
  82.000      20.2556
  83.000      19.9510
  84.000      17.4799
  85.000      15.0932
  86.000      14.2190
  87.000      18.3742
  88.000      14.4978
  89.000      11.8596
  90.000      16.2278
  91.000      17.1218
  92.000      13.5308
  93.000      13.7722
  94.000      16.7333
  95.000      16.1291
  96.000      12.7997
  97.000      16.4355
  98.000      18.8983
  99.000      17.5519
 100.000      13.4828
 101.000      15.1839
 102.000      12.7635
 103.000      16.3591
 104.000      17.2980
 105.000      17.6203
 106.000      14.9079
 107.000      12.0571
 108.000      11.5935
 109.000      13.6836
 110.000      10.5140
 111.000      14.5908
 112.000      14.2456
 113.000      10.7130
 114.000      12.3182
 115.000      15.5866
 116.000      13.3317
 117.000      10.8285
 118.000      14.8200
 119.000      16.1889
 120.000      14.2159
 121.000      12.5305
 122.000      13.4760
 123.000      10.1807
 124.000      13.6932
 125.000      10.0662
 126.000      11.6291
 127.000      10.7494
 128.000       9.2322
 129.000      10.6079
 130.000       8.5052
 131.000       8.1939
 132.000       9.2162
 133.000      11.1274
 134.000       9.6449
 135.000      13.8078
 136.000      12.1724
 137.000       6.6774
 138.000       8.9422
 139.000      11.4914
 140.000      10.4210
 141.000       8.5899
 142.000      12.6144
 143.000      14.6271
 144.000      12.5078
 145.000      10.2610
 146.000       6.6693
 147.000       7.6938
 148.000       6.7111
 149.000       6.5736
 150.000       9.6330
 151.000       9.2478
 152.000      10.4719
 153.000      10.4747
 154.000      14.9943
 155.000      15.7434
 156.000      17.0376
 157.000      15.7202
 158.000      14.2122
 159.000      15.0264
 160.000      12.8515
 161.000      10.0463
 162.000      11.5284
 163.000       9.4492
 164.000       6.2939
 165.000       6.9258
 166.000       7.1784
 167.000       7.7521
 168.000       4.5505
 169.000       4.1725
 170.000       7.4979
 171.000       8.6267
 172.000       5.7396
 173.000       2.9990
 174.000       7.0817
 175.000       8.5259
 176.000       7.1530
 177.000       6.7386
 178.000      10.6808
 179.000      11.8121
 180.000      15.1167
 181.000      12.5447
 182.000       8.2660
 183.000      10.4365
 184.000      13.1518
 185.000       9.4808
 186.000       8.4474
 187.000      12.1968
 188.000      12.9303
 189.000       9.8384
 190.000      11.2353
 191.000      14.2106
 192.000      13.6352
 193.000      12.7284
 194.000      15.3568
 195.000      17.5580
 196.000      16.1833
 197.000      17.3136
 198.000      16.8794
 199.000      17.1603
 200.000      15.7598
 201.000      12.5266
 202.000      13.1701
 203.000      13.6392
 204.000       9.8703
 205.000       8.7167
 206.000      10.3584
 207.000       9.6536
 208.000       5.5164
 209.000       8.2736
 210.000      10.4067
 211.000       8.1346
 212.000       5.2757
 213.000       4.6700
 214.000       8.4747
 215.000      10.0092
 216.000      13.2775
 217.000      14.8184
 218.000      18.6028
 219.000      18.4683
 220.000      22.1010
 221.000      24.1967
 222.000      20.9663
 223.000      18.3592
 224.000      16.9840
 225.000      12.7852
 226.000       9.8797
 227.000       7.9604
 228.000       5.6542
 229.000       7.2937
 230.000      10.2248
 231.000       9.8460
 232.000       8.3381
 233.000      10.7948
 234.000      14.8436
 235.000      15.1296
 236.000      12.8996
 237.000      14.2218
 238.000      18.1450
 239.000      17.4072
 240.000      15.3374
 241.000      17.9688
 242.000      20.3244
 243.000      23.4842
 244.000      21.9419
 245.000      18.8814
 246.000      19.7605
 247.000      18.2796
 248.000      17.6627
 249.000      17.6018
 250.000      13.9461
 251.000      16.1091
 252.000      13.3081
 253.000      16.5434
 254.000      17.0942
 255.000      12.9790
 256.000      13.4386
 257.000      15.9866
 258.000      14.9504
 259.000      16.0844
 260.000      13.5063
 261.000      12.9723
 262.000      10.7173
 263.000      13.3986
 264.000      15.2676
 265.000      16.0664
 266.000      13.6847
 267.000      17.2560
 268.000      15.7433
 269.000      13.9586
 270.000      13.9752
 271.000      15.5649
 272.000      14.5397
 273.000      17.6427
 274.000      15.1770
 275.000      11.4255
 276.000      14.3226
 277.000      14.7927
 278.000      11.6901
 279.000      11.0080
 280.000      13.9123
 281.000      13.8200
 282.000      10.3437
 283.000      13.1619
 284.000      14.6148
 285.000      13.0353
 286.000      12.7912
 287.000      15.1836
 288.000      16.2017
 289.000      15.4092
 290.000      18.4604
 291.000      18.3138
 292.000      22.3216
 293.000      21.0007
 294.000      20.0439
 295.000      18.3530
 296.000      20.8523
 297.000      17.2592
 298.000      21.1679
 299.000      19.7726
 300.000      24.3062
 301.000      22.9150
 302.000      19.3942
 303.000      22.2495
 304.000      18.7619
 305.000      22.4367
 306.000      22.7460
 307.000      22.6751
