#Res        AtomicFlx
   1.000      26.5038
   2.000      23.1920
   3.000      22.2143
   4.000      21.9466
   5.000      19.8403
   6.000      24.7045
   7.000      22.1903
   8.000      18.7849
   9.000      22.6667
  10.000      22.5181
  11.000      16.9513
  12.000      19.4050
  13.000      23.5948
  14.000      20.1967
  15.000      16.8911
  16.000      15.7527
  17.000      16.9235
  18.000      14.6645
  19.000      13.6422
  20.000      13.9920
  21.000      12.4095
  22.000      14.4107
  23.000      14.4440
  24.000      17.3506
  25.000      18.0236
  26.000      17.4100
  27.000      20.8289
  28.000      19.6475
  29.000      19.6435
  30.000      23.1594
  31.000      21.8770
  32.000      17.6708
  33.000      21.7770
  34.000      24.5711
  35.000      26.2229
  36.000      26.2057
  37.000      20.1195
  38.000      21.8746
  39.000      23.8796
  40.000      21.6863
  41.000      17.0141
  42.000      22.2766
  43.000      22.3443
  44.000      17.6871
  45.000      18.1824
  46.000      21.8265
  47.000      19.1458
  48.000      17.0331
  49.000      21.0945
  50.000      22.5194
  51.000      17.7399
  52.000      21.6566
  53.000      18.5414
  54.000      19.9767
  55.000      20.6665
  56.000      19.3970
  57.000      15.8579
  58.000      18.8631
  59.000      19.5784
  60.000      19.7508
  61.000      23.2037
  62.000      18.9367
  63.000      24.1821
  64.000      26.1751
  65.000      24.3431
  66.000      20.4645
  67.000      21.8524
  68.000      24.0176
  69.000      19.3066
  70.000      15.8526
  71.000      19.6141
  72.000      20.5220
  73.000      16.2134
  74.000      16.6444
  75.000      21.5357
  76.000      19.5844
  77.000      15.6196
  78.000      18.8899
  79.000      21.4334
  80.000      19.2815
  81.000      15.7183
  82.000      22.2295
  83.000      22.1163
  84.000      19.4485
  85.000      16.8096
  86.000      16.0387
  87.000      20.4395
  88.000      16.1953
  89.000      12.5275
  90.000      17.2883
  91.000      17.5992
  92.000      13.1732
  93.000      14.1206
  94.000      16.6304
  95.000      15.1386
  96.000      12.6237
  97.000      17.2050
  98.000      18.5902
  99.000      16.7851
 100.000      13.5903
 101.000      16.3746
 102.000      13.8285
 103.000      19.2874
 104.000      21.0126
 105.000      22.5508
 106.000      19.6204
 107.000      16.4669
 108.000      14.1909
 109.000      16.1775
 110.000      12.1681
 111.000      15.4463
 112.000      15.2785
 113.000      11.0991
 114.000      11.9151
 115.000      15.0648
 116.000      12.3000
 117.000      10.0781
 118.000      14.0050
 119.000      14.9517
 120.000      13.2251
 121.000      12.2247
 122.000      13.0763
 123.000      10.0006
 124.000      13.1643
 125.000       9.8956
 126.000      12.4260
 127.000      13.1855
 128.000      11.4523
 129.000      13.8941
 130.000      10.9719
 131.000       9.4293
 132.000      10.2740
 133.000      11.7974
 134.000      10.6227
 135.000      15.5809
 136.000      13.1616
 137.000       7.4071
 138.000      10.5483
 139.000      13.0856
 140.000      11.6831
 141.000       9.8393
 142.000      14.5047
 143.000      15.9924
 144.000      13.1666
 145.000      11.0755
 146.000       5.9443
 147.000       8.9546
 148.000       8.1683
 149.000       9.2594
 150.000      13.9605
 151.000      13.3495
 152.000      15.5950
 153.000      14.5504
 154.000      20.5676
 155.000      21.6016
 156.000      22.7830
 157.000      20.2983
 158.000      18.6362
 159.000      17.8888
 160.000      15.2674
 161.000      12.9964
 162.000      13.4965
 163.000      11.7476
 164.000       8.3773
 165.000      10.3342
 166.000      10.5242
 167.000      10.6540
 168.000       5.9421
 169.000       5.4775
 170.000       8.8750
 171.000       9.9785
 172.000       6.3453
 173.000       3.3216
 174.000       6.4565
 175.000       8.2504
 176.000       7.9500
 177.000       6.8659
 178.000      10.4917
 179.000      12.4427
 180.000      15.4935
 181.000      14.5047
 182.000       9.6888
 183.000      11.3720
 184.000      15.5191
 185.000      12.6141
 186.000      10.2882
 187.000      14.3457
 188.000      16.7563
 189.000      12.8857
 190.000      13.8379
 191.000      17.4446
 192.000      17.3904
 193.000      15.8398
 194.000      18.5682
 195.000      21.3158
 196.000      19.8971
 197.000      20.8309
 198.000      18.6944
 199.000      19.8529
 200.000      18.8931
 201.000      14.9024
 202.000      14.3228
 203.000      16.8972
 204.000      13.2236
 205.000      10.3734
 206.000      12.0451
 207.000      13.1461
 208.000       7.5282
 209.000       8.3172
 210.000      12.1694
 211.000      11.2615
 212.000       7.6708
 213.000       5.4343
 214.000       9.3610
 215.000      12.1718
 216.000      15.9072
 217.000      18.0426
 218.000      23.1020
 219.000      21.9361
 220.000      26.2844
 221.000      28.3560
 222.000      24.4642
 223.000      21.4963
 224.000      19.5381
 225.000      14.6950
 226.000      12.4699
 227.000       9.2985
 228.000       6.3215
 229.000       7.6432
 230.000      11.2500
 231.000      10.8443
 232.000       9.5974
 233.000      12.2069
 234.000      17.1022
 235.000      16.8783
 236.000      13.8100
 237.000      15.6704
 238.000      20.1391
 239.000      18.6725
 240.000      17.0614
 241.000      20.1083
 242.000      22.4030
 243.000      25.8099
 244.000      23.5204
 245.000      20.5235
 246.000      21.7848
 247.000      21.0902
 248.000      21.1770
 249.000      22.3305
 250.000      18.7651
 251.000      21.6350
 252.000      18.6725
 253.000      22.2221
 254.000      21.3008
 255.000      16.2701
 256.000      16.6152
 257.000      18.2043
 258.000      16.0825
 259.000      15.4132
 260.000      11.2555
 261.000      12.3494
 262.000      10.4332
 263.000      13.3378
 264.000      14.9619
 265.000      15.4089
 266.000      13.3932
 267.000      16.9881
 268.000      17.1979
 269.000      15.6019
 270.000      16.9845
 271.000      19.4334
 272.000      18.8920
 273.000      22.9338
 274.000      19.4648
 275.000      14.3460
 276.000      18.5287
 277.000      20.2518
 278.000      16.1948
 279.000      14.8662
 280.000      19.8471
 281.000      19.8329
 282.000      15.2026
 283.000      18.5557
 284.000      21.3773
 285.000      18.4146
 286.000      18.0802
 287.000      21.6952
 288.000      22.8726
 289.000      21.6852
 290.000      23.7821
 291.000      23.6020
 292.000      28.5789
 293.000      26.3630
 294.000      25.8290
 295.000      22.6241
 296.000      23.9955
 297.000      19.4734
 298.000      23.4492
 299.000      21.1818
 300.000      25.0548
 301.000      25.0169
 302.000      21.3117
 303.000      24.9662
 304.000      21.9329
 305.000      26.2303
 306.000      27.3514
 307.000      28.9962
