#Res        AtomicFlx
   1.000      26.8981
   2.000      24.0878
   3.000      23.1239
   4.000      22.0938
   5.000      20.1457
   6.000      24.8574
   7.000      22.7738
   8.000      19.6014
   9.000      22.7748
  10.000      22.1217
  11.000      16.6700
  12.000      17.8478
  13.000      21.6269
  14.000      17.4369
  15.000      14.1276
  16.000      15.3389
  17.000      15.1423
  18.000      12.9174
  19.000      12.1905
  20.000      15.1450
  21.000      12.8619
  22.000      13.9351
  23.000      15.1682
  24.000      17.9678
  25.000      17.6466
  26.000      18.6926
  27.000      22.3592
  28.000      21.9166
  29.000      21.0999
  30.000      23.6224
  31.000      21.7033
  32.000      18.1287
  33.000      21.9806
  34.000      23.4453
  35.000      24.6177
  36.000      24.3597
  37.000      18.8741
  38.000      20.5372
  39.000      21.7482
  40.000      20.3224
  41.000      15.2755
  42.000      19.8965
  43.000      20.8136
  44.000      16.6323
  45.000      16.3431
  46.000      19.8833
  47.000      18.5214
  48.000      15.9531
  49.000      19.2421
  50.000      21.3234
  51.000      17.8590
  52.000      20.8879
  53.000      17.9227
  54.000      20.6787
  55.000      21.8092
  56.000      21.3832
  57.000      17.2096
  58.000      19.5310
  59.000      21.4779
  60.000      19.9919
  61.000      23.7243
  62.000      19.1117
  63.000      23.6283
  64.000      26.2402
  65.000      23.8930
  66.000      19.9812
  67.000      22.2920
  68.000      24.0089
  69.000      19.0542
  70.000      16.3122
  71.000      19.8774
  72.000      20.5166
  73.000      16.1828
  74.000      17.0199
  75.000      21.6656
  76.000      19.5651
  77.000      15.4592
  78.000      18.7531
  79.000      20.8640
  80.000      18.6973
  81.000      14.9792
  82.000      20.7498
  83.000      20.6142
  84.000      18.4181
  85.000      15.2251
  86.000      14.1377
  87.000      17.6259
  88.000      14.1729
  89.000      11.5142
  90.000      15.7605
  91.000      16.3773
  92.000      13.1138
  93.000      14.2206
  94.000      17.0290
  95.000      16.4264
  96.000      14.0551
  97.000      18.4518
  98.000      20.8100
  99.000      19.7112
 100.000      16.1750
 101.000      18.7907
 102.000      15.3708
 103.000      20.7934
 104.000      21.8410
 105.000      23.7648
 106.000      20.9559
 107.000      17.3302
 108.000      15.7532
 109.000      17.9058
 110.000      13.5831
 111.000      17.9017
 112.000      18.3114
 113.000      13.5256
 114.000      14.5335
 115.000      18.6445
 116.000      15.1974
 117.000      12.4683
 118.000      16.9935
 119.000      18.4069
 120.000      15.4983
 121.000      13.8853
 122.000      15.2394
 123.000      11.6837
 124.000      15.0326
 125.000      11.3699
 126.000      12.8019
 127.000      12.8788
 128.000      10.9079
 129.000      12.6697
 130.000      10.0136
 131.000       8.6967
 132.000       9.5192
 133.000      11.2993
 134.000      10.7733
 135.000      15.4032
 136.000      12.7133
 137.000       7.3419
 138.000      10.8310
 139.000      13.2677
 140.000      12.0514
 141.000      10.2816
 142.000      15.0782
 143.000      16.8502
 144.000      14.4063
 145.000      11.9633
 146.000       7.0897
 147.000       8.8892
 148.000       8.4727
 149.000       9.1270
 150.000      13.8205
 151.000      12.3179
 152.000      14.8857
 153.000      13.7506
 154.000      19.4714
 155.000      20.8098
 156.000      22.3200
 157.000      20.0632
 158.000      18.0409
 159.000      18.1674
 160.000      15.4787
 161.000      12.2847
 162.000      13.1592
 163.000      10.7917
 164.000       7.4285
 165.000       9.4978
 166.000      10.5755
 167.000      10.5563
 168.000       5.6757
 169.000       5.5983
 170.000       9.6941
 171.000      10.0326
 172.000       5.9352
 173.000       3.0580
 174.000       7.6955
 175.000       8.4841
 176.000       7.2089
 177.000       7.5042
 178.000      11.1281
 179.000      12.2639
 180.000      16.2031
 181.000      13.9803
 182.000       9.3847
 183.000      11.8267
 184.000      15.6219
 185.000      12.2382
 186.000      10.4449
 187.000      14.8128
 188.000      16.7998
 189.000      13.1926
 190.000      14.0847
 191.000      17.7380
 192.000      17.7762
 193.000      16.0705
 194.000      18.6983
 195.000      21.4363
 196.000      20.1927
 197.000      21.7229
 198.000      19.8331
 199.000      21.7439
 200.000      20.9352
 201.000      15.8217
 202.000      16.2574
 203.000      18.7241
 204.000      13.9563
 205.000      11.6973
 206.000      14.0534
 207.000      14.0005
 208.000       7.9522
 209.000      10.2528
 210.000      13.8051
 211.000      10.9582
 212.000       7.0033
 213.000       5.8976
 214.000      10.1692
 215.000      11.7475
 216.000      15.3111
 217.000      16.3970
 218.000      21.0825
 219.000      19.4643
 220.000      23.4847
 221.000      25.6531
 222.000      22.3548
 223.000      20.2262
 224.000      17.7756
 225.000      13.5072
 226.000      11.1223
 227.000       8.6319
 228.000       5.9861
 229.000       8.1415
 230.000      11.3433
 231.000      10.2728
 232.000       9.6759
 233.000      12.6048
 234.000      17.3958
 235.000      17.4963
 236.000      14.6860
 237.000      15.5247
 238.000      20.2819
 239.000      19.9040
 240.000      17.3218
 241.000      19.8052
 242.000      23.0024
 243.000      26.8435
 244.000      25.3029
 245.000      22.1256
 246.000      24.2239
 247.000      21.9948
 248.000      22.5610
 249.000      22.7429
 250.000      18.7315
 251.000      22.5785
 252.000      19.3210
 253.000      23.9127
 254.000      23.7086
 255.000      18.1288
 256.000      18.7926
 257.000      21.5192
 258.000      19.6231
 259.000      19.4742
 260.000      14.4606
 261.000      16.1190
 262.000      13.4817
 263.000      16.2634
 264.000      18.2603
 265.000      18.0583
 266.000      16.3085
 267.000      20.6337
 268.000      19.6955
 269.000      16.8114
 270.000      18.2638
 271.000      18.9345
 272.000      17.6160
 273.000      21.1811
 274.000      17.5454
 275.000      12.7411
 276.000      16.5819
 277.000      18.6320
 278.000      15.1330
 279.000      13.6872
 280.000      18.5950
 281.000      19.0972
 282.000      14.8825
 283.000      17.8772
 284.000      20.9140
 285.000      18.9640
 286.000      18.2472
 287.000      21.5914
 288.000      23.2683
 289.000      21.5757
 290.000      24.9168
 291.000      23.8452
 292.000      28.8840
 293.000      26.4068
 294.000      25.8564
 295.000      22.7715
 296.000      24.1712
 297.000      20.4648
 298.000      24.7962
 299.000      22.9656
 300.000      27.8208
 301.000      26.5920
 302.000      22.7319
 303.000      25.8523
 304.000      22.3180
 305.000      26.7671
 306.000      27.6498
 307.000      29.4963
