#Res        AtomicFlx
   1.000      22.5365
   2.000      20.0986
   3.000      18.8012
   4.000      17.5086
   5.000      15.8353
   6.000      19.1681
   7.000      17.3688
   8.000      14.9776
   9.000      18.3834
  10.000      18.5090
  11.000      13.8970
  12.000      16.2747
  13.000      20.4145
  14.000      18.2078
  15.000      15.2072
  16.000      14.5821
  17.000      15.3719
  18.000      13.9446
  19.000      13.9227
  20.000      14.0236
  21.000      13.5703
  22.000      14.8607
  23.000      13.3758
  24.000      15.6271
  25.000      17.8030
  26.000      16.1612
  27.000      18.4071
  28.000      16.4560
  29.000      15.2374
  30.000      18.5277
  31.000      17.5607
  32.000      14.6002
  33.000      19.3516
  34.000      20.2947
  35.000      22.3246
  36.000      21.7878
  37.000      16.4839
  38.000      19.1763
  39.000      20.6444
  40.000      18.6157
  41.000      15.2784
  42.000      19.8938
  43.000      19.7368
  44.000      15.6476
  45.000      16.3044
  46.000      19.7368
  47.000      17.4325
  48.000      15.3287
  49.000      18.1872
  50.000      20.4278
  51.000      16.1041
  52.000      19.3423
  53.000      16.3413
  54.000      17.7896
  55.000      18.8287
  56.000      18.4532
  57.000      15.1378
  58.000      17.7369
  59.000      19.2033
  60.000      18.1750
  61.000      21.0004
  62.000      16.6488
  63.000      20.2237
  64.000      21.8098
  65.000      19.1850
  66.000      16.7409
  67.000      18.6786
  68.000      19.0241
  69.000      14.9191
  70.000      13.6938
  71.000      16.1924
  72.000      15.9829
  73.000      12.7209
  74.000      14.8254
  75.000      18.2407
  76.000      15.7745
  77.000      13.1172
  78.000      17.3061
  79.000      18.4634
  80.000      16.3695
  81.000      14.2748
  82.000      20.3320
  83.000      19.5406
  84.000      16.7480
  85.000      15.3028
  86.000      15.0291
  87.000      19.7837
  88.000      15.8961
  89.000      12.3661
  90.000      16.9789
  91.000      18.3264
  92.000      14.3706
  93.000      14.5964
  94.000      17.9853
  95.000      17.2859
  96.000      14.1015
  97.000      18.1459
  98.000      20.9597
  99.000      19.3781
 100.000      15.1148
 101.000      17.4168
 102.000      14.3910
 103.000      19.1520
 104.000      19.0952
 105.000      20.5932
 106.000      18.4421
 107.000      15.0968
 108.000      14.1700
 109.000      16.0311
 110.000      12.0041
 111.000      15.4428
 112.000      16.3058
 113.000      12.1528
 114.000      12.2851
 115.000      15.9655
 116.000      14.1400
 117.000      10.8376
 118.000      13.9326
 119.000      16.0167
 120.000      14.1245
 121.000      11.6881
 122.000      11.8230
 123.000       8.7685
 124.000      12.0323
 125.000       9.4859
 126.000      11.8475
 127.000      12.0451
 128.000      10.5465
 129.000      13.0439
 130.000      10.3950
 131.000       9.4642
 132.000       9.7663
 133.000      11.5218
 134.000      10.1082
 135.000      14.1046
 136.000      11.8691
 137.000       6.2518
 138.000       8.6754
 139.000      10.3073
 140.000       9.0485
 141.000       7.3075
 142.000      10.6963
 143.000      12.1747
 144.000      10.5213
 145.000       8.9662
 146.000       5.4731
 147.000       8.0747
 148.000       7.6409
 149.000       8.1343
 150.000      12.5482
 151.000      11.5040
 152.000      12.4094
 153.000      10.5583
 154.000      15.4882
 155.000      15.9008
 156.000      16.4997
 157.000      14.5459
 158.000      13.1607
 159.000      12.7881
 160.000      10.9717
 161.000       8.9326
 162.000      10.7489
 163.000       9.8338
 164.000       6.7757
 165.000       7.8362
 166.000       9.1611
 167.000       8.5880
 168.000       4.4009
 169.000       5.0404
 170.000       8.7913
 171.000       9.0517
 172.000       5.9708
 173.000       3.1608
 174.000       7.5944
 175.000       9.0538
 176.000       7.7127
 177.000       6.4630
 178.000      11.1121
 179.000      12.2271
 180.000      14.8480
 181.000      13.0514
 182.000       8.6195
 183.000       9.6757
 184.000      12.5605
 185.000      10.2358
 186.000       7.9545
 187.000      10.6949
 188.000      12.8006
 189.000      10.2375
 190.000      10.5461
 191.000      12.9807
 192.000      13.8283
 193.000      12.8366
 194.000      14.5243
 195.000      17.6200
 196.000      16.9890
 197.000      18.9062
 198.000      18.3623
 199.000      19.7218
 200.000      18.3533
 201.000      13.9289
 202.000      15.1031
 203.000      16.6175
 204.000      11.8775
 205.000      10.4686
 206.000      12.5419
 207.000      12.2946
 208.000       6.7789
 209.000       8.8113
 210.000      11.9828
 211.000      10.0390
 212.000       6.5524
 213.000       5.0680
 214.000       8.4243
 215.000      10.8544
 216.000      14.1602
 217.000      16.3017
 218.000      20.9207
 219.000      20.1746
 220.000      24.0561
 221.000      25.7881
 222.000      22.0573
 223.000      19.2003
 224.000      17.5975
 225.000      13.0888
 226.000      11.1293
 227.000       8.1392
 228.000       5.4266
 229.000       6.2323
 230.000       9.3634
 231.000       9.4750
 232.000       7.5644
 233.000       9.3206
 234.000      13.2757
 235.000      12.8313
 236.000      11.0983
 237.000      12.8191
 238.000      15.9539
 239.000      15.4080
 240.000      14.3508
 241.000      17.1949
 242.000      18.7413
 243.000      21.8897
 244.000      19.7655
 245.000      17.9851
 246.000      20.2488
 247.000      19.1442
 248.000      19.7678
 249.000      20.6875
 250.000      17.2379
 251.000      20.3854
 252.000      17.1882
 253.000      21.1576
 254.000      21.0391
 255.000      16.0440
 256.000      16.6442
 257.000      19.1570
 258.000      16.9818
 259.000      17.1786
 260.000      12.7747
 261.000      13.3084
 262.000      11.3297
 263.000      12.8302
 264.000      14.0879
 265.000      13.7598
 266.000      13.4901
 267.000      16.6795
 268.000      16.3099
 269.000      14.0537
 270.000      16.1320
 271.000      17.6045
 272.000      17.0443
 273.000      20.8615
 274.000      17.6913
 275.000      13.0780
 276.000      16.6385
 277.000      17.9511
 278.000      14.3262
 279.000      12.9639
 280.000      16.6998
 281.000      17.3924
 282.000      12.9242
 283.000      15.0854
 284.000      17.7990
 285.000      16.1873
 286.000      14.8104
 287.000      17.3402
 288.000      19.3502
 289.000      17.5815
 290.000      20.7438
 291.000      18.8846
 292.000      23.0157
 293.000      20.6112
 294.000      19.4517
 295.000      16.8108
 296.000      17.4391
 297.000      14.4882
 298.000      17.4738
 299.000      16.3337
 300.000      20.0427
 301.000      19.1264
 302.000      16.6967
 303.000      18.7489
 304.000      16.2600
 305.000      19.1831
 306.000      20.2959
 307.000      21.5170
